posse_de_veiculo,idade,tempo_emprego,qt_pessoas_residencia,sexo_M,qtd_filhos
True,28,1.1945205479452057,2.0,1,0
True,42,7.095890410958903,3.0,0,1
False,53,16.791780821917804,1.0,0,0
False,54,12.353424657534244,2.0,0,0
True,44,8.523287671232877,2.0,1,0
True,51,23.31232876712329,2.0,0,0
False,39,20.126027397260277,2.0,0,1
False,38,3.8465753424657536,2.0,0,0
True,30,1.7452054794520548,4.0,1,2
False,31,6.2602739726027385,4.0,0,2
False,52,23.145205479452056,2.0,0,0
False,37,3.424657534246576,2.0,0,1
False,42,6.123287671232878,2.0,0,0
False,36,18.5013698630137,3.0,1,1
False,46,2.5342465753424657,2.0,0,0
False,57,32.55890410958905,2.0,1,0
False,58,15.93972602739726,2.0,0,0
False,46,4.298630136986302,2.0,0,0
True,33,5.780821917808219,3.0,0,1
False,52,8.052054794520547,2.0,0,0
True,40,12.304109589041095,2.0,0,0
False,40,5.265753424657534,3.0,0,1
False,50,16.528767123287672,2.0,0,0
False,46,11.652054794520549,2.0,0,0
False,27,3.0520547945205485,1.0,0,0
True,45,13.852054794520548,2.0,1,0
True,60,41.2,1.0,0,0
True,33,3.06027397260274,5.0,1,3
False,49,1.7589041095890412,1.0,0,0
False,44,23.69041095890411,2.0,0,0
False,54,16.610958904109587,4.0,1,2
False,25,1.6849315068493151,2.0,0,0
True,49,8.605479452054794,2.0,0,0
False,52,20.315068493150687,2.0,1,0
False,41,8.695890410958905,4.0,0,2
False,39,9.432876712328769,2.0,1,0
True,29,1.610958904109589,1.0,1,0
True,53,2.8027397260273967,2.0,1,0
True,31,9.334246575342464,3.0,1,1
False,37,9.808219178082194,3.0,0,1
True,36,7.92876712328767,2.0,0,0
True,38,9.926027397260274,4.0,0,2
True,38,10.967123287671232,5.0,0,3
True,42,7.095890410958903,3.0,0,1
True,29,4.410958904109589,2.0,1,0
False,40,15.282191780821917,2.0,0,0
True,51,0.7205479452054795,2.0,1,0
False,42,4.216438356164384,3.0,0,1
False,35,2.1534246575342464,2.0,0,0
True,45,6.786301369863014,3.0,0,1
False,45,27.36438356164384,2.0,0,0
False,26,0.4273972602739726,1.0,1,0
False,46,28.449315068493146,2.0,0,0
True,49,3.016438356164384,4.0,1,2
False,36,18.04383561643836,4.0,0,2
False,63,3.378082191780821,1.0,0,0
True,30,5.328767123287672,4.0,1,2
True,44,2.8301369863013703,2.0,1,0
False,52,13.608219178082194,2.0,1,0
True,31,11.043835616438356,2.0,1,0
True,60,41.2,1.0,0,0
False,47,4.550684931506848,2.0,0,0
False,30,7.432876712328768,2.0,0,0
False,32,1.704109589041096,2.0,1,0
False,26,0.4273972602739726,1.0,1,0
False,46,12.531506849315068,2.0,1,0
False,44,14.104109589041094,2.0,0,1
False,42,8.720547945205482,2.0,0,0
True,34,5.597260273972603,2.0,0,0
False,53,3.4301369863013704,2.0,0,0
False,50,1.180821917808219,1.0,0,0
True,32,5.013698630136987,2.0,1,0
True,25,1.6849315068493151,4.0,1,2
False,24,1.5506849315068494,2.0,1,0
True,42,4.008219178082192,2.0,1,0
False,30,7.693150684931508,4.0,0,2
False,25,4.123287671232877,1.0,1,0
False,43,4.0191780821917815,3.0,0,1
True,37,2.6904109589041094,2.0,0,0
False,43,5.994520547945205,2.0,0,0
False,39,20.126027397260277,2.0,0,1
False,58,15.93972602739726,2.0,0,0
True,47,4.684931506849315,3.0,1,1
True,46,5.550684931506848,2.0,1,0
True,43,8.805479452054792,3.0,0,1
False,52,13.608219178082194,2.0,1,0
False,47,3.295890410958904,2.0,0,0
False,32,6.767123287671232,2.0,0,0
True,30,5.657534246575342,3.0,0,1
True,26,2.8821917808219184,2.0,1,0
True,36,1.868493150684932,4.0,0,2
False,37,0.2602739726027397,1.0,0,0
True,43,10.375342465753423,4.0,1,2
False,38,19.03835616438356,4.0,0,2
True,25,4.597260273972604,3.0,0,1
False,41,8.695890410958905,4.0,0,2
True,27,1.1726027397260277,1.0,1,0
True,38,7.2,4.0,1,2
True,56,6.134246575342464,2.0,1,0
True,33,2.682191780821918,3.0,0,1
False,38,7.882191780821918,2.0,1,0
True,28,9.304109589041095,4.0,1,2
True,44,13.082191780821915,2.0,1,0
True,50,7.660273972602741,2.0,1,0
True,39,1.3013698630136987,3.0,0,1
False,39,3.328767123287671,4.0,1,2
True,29,0.6821917808219178,1.0,1,0
True,43,4.923287671232877,2.0,1,0
False,29,5.263013698630137,2.0,0,0
False,30,7.057534246575343,3.0,0,1
True,45,1.295890410958904,2.0,1,0
True,32,5.846575342465752,2.0,0,0
False,40,6.958904109589041,2.0,0,1
True,52,0.2712328767123288,2.0,1,0
False,31,7.520547945205481,2.0,1,0
False,37,0.9616438356164384,4.0,0,2
False,52,23.145205479452056,2.0,0,0
False,41,8.931506849315069,4.0,0,2
False,58,15.93972602739726,2.0,0,0
False,64,1.2849315068493148,2.0,0,0
True,28,5.550684931506848,1.0,1,0
False,34,4.701369863013698,3.0,0,1
True,56,12.191780821917806,2.0,1,0
False,32,1.6821917808219178,4.0,0,2
True,32,1.9616438356164383,3.0,1,1
False,27,7.076712328767122,1.0,0,0
False,51,3.950684931506849,2.0,0,0
True,31,6.435616438356163,1.0,1,0
False,45,1.7205479452054795,3.0,0,1
True,28,7.03013698630137,3.0,1,1
True,30,1.2602739726027397,3.0,0,1
False,53,8.736986301369862,2.0,1,0
False,44,23.306849315068487,4.0,0,2
False,35,9.12054794520548,3.0,0,1
True,50,5.06027397260274,2.0,1,0
False,39,0.7890410958904109,2.0,1,0
False,34,3.6986301369863015,2.0,0,1
False,35,6.624657534246575,3.0,1,1
False,64,7.16986301369863,2.0,1,0
False,45,5.994520547945205,2.0,0,0
True,42,5.758904109589041,3.0,0,1
True,36,7.052054794520547,3.0,0,1
False,29,3.5178082191780824,2.0,0,0
True,54,13.624657534246571,2.0,0,0
False,47,4.452054794520548,2.0,1,0
False,26,7.972602739726027,3.0,0,1
False,29,4.635616438356164,5.0,0,3
False,40,5.843835616438357,4.0,0,2
False,47,3.6931506849315054,2.0,0,0
False,37,3.2109589041095887,3.0,0,1
True,40,12.649315068493149,4.0,0,2
False,29,3.2164383561643834,2.0,1,1
False,34,2.4219178082191783,4.0,1,2
True,42,8.10684931506849,2.0,0,0
False,48,27.61369863013699,1.0,0,0
True,43,0.5068493150684932,2.0,0,0
False,28,6.3643835616438365,2.0,1,0
False,40,6.747945205479453,2.0,0,0
True,47,9.58904109589041,2.0,1,0
False,29,5.958904109589041,4.0,0,2
True,40,4.520547945205481,2.0,0,0
False,44,1.0986301369863014,2.0,0,0
False,48,0.9287671232876712,1.0,0,0
False,54,1.5369863013698633,1.0,0,0
False,40,13.509589041095891,2.0,0,0
False,27,6.583561643835616,1.0,1,0
False,30,7.432876712328768,2.0,0,0
False,48,3.52054794520548,2.0,0,0
True,32,10.671232876712333,3.0,0,1
True,52,18.523287671232875,2.0,0,0
True,52,5.117808219178082,2.0,1,0
False,31,3.5178082191780824,2.0,0,0
False,30,7.432876712328768,2.0,0,0
False,53,2.043835616438356,2.0,0,0
False,41,7.8410958904109584,3.0,0,1
False,51,17.194520547945206,2.0,1,0
False,38,6.849315068493151,3.0,0,1
False,39,9.841095890410957,3.0,0,2
True,45,11.02191780821918,2.0,0,1
True,35,13.96986301369863,2.0,0,0
False,27,6.408219178082192,2.0,0,0
True,48,4.627397260273972,15.0,1,14
False,28,7.520547945205481,3.0,0,2
True,40,10.789041095890411,4.0,1,2
True,41,12.895890410958906,4.0,1,2
False,36,8.6,2.0,1,0
True,51,18.295890410958904,2.0,0,0
True,50,0.2958904109589041,2.0,0,0
False,40,3.4547945205479453,4.0,0,2
True,46,19.9013698630137,2.0,0,0
False,35,6.367123287671232,2.0,0,0
True,36,10.04931506849315,5.0,1,3
True,54,18.10958904109589,2.0,1,0
True,54,5.852054794520547,2.0,1,0
True,41,11.627397260273971,3.0,1,1
False,26,0.3561643835616438,2.0,1,0
True,38,17.775342465753425,3.0,0,1
True,27,9.52054794520548,5.0,1,3
True,33,8.961643835616439,2.0,1,0
True,41,3.3835616438356166,3.0,1,1
False,27,1.6219178082191783,2.0,0,0
False,51,2.0575342465753423,2.0,0,0
True,28,6.112328767123286,2.0,1,0
True,49,9.221917808219178,2.0,1,0
False,28,6.2027397260273975,2.0,0,0
False,28,4.635616438356164,3.0,1,1
False,28,7.6,3.0,0,1
False,31,8.298630136986299,2.0,0,0
True,36,2.7178082191780817,4.0,1,2
False,36,2.128767123287671,2.0,0,0
True,31,4.72876712328767,4.0,0,2
True,37,10.52054794520548,3.0,0,1
True,38,4.454794520547946,3.0,1,2
True,40,6.717808219178082,2.0,0,0
True,34,13.687671232876712,2.0,1,0
False,40,6.693150684931508,2.0,1,0
False,38,6.849315068493151,3.0,0,1
False,45,7.520547945205481,1.0,0,0
False,54,14.550684931506847,2.0,0,0
False,28,8.471232876712326,2.0,0,0
False,41,19.45205479452055,2.0,0,0
False,29,6.156164383561643,4.0,0,2
False,35,6.5178082191780815,4.0,0,2
False,27,5.564383561643837,2.0,0,0
True,35,1.178082191780822,4.0,1,2
True,45,6.556164383561644,2.0,0,0
True,30,6.7972602739726025,3.0,0,1
False,41,3.0904109589041098,2.0,0,0
False,29,6.372602739726028,3.0,1,1
True,32,1.991780821917808,4.0,1,2
True,43,4.131506849315069,2.0,1,0
False,55,4.7315068493150685,2.0,0,0
True,34,3.8465753424657536,3.0,0,1
True,42,6.619178082191781,2.0,0,0
False,41,0.8794520547945206,3.0,1,1
True,32,14.893150684931507,2.0,1,0
False,30,5.717808219178082,2.0,0,1
False,57,4.336986301369863,2.0,0,0
False,50,0.3808219178082192,2.0,0,0
True,28,9.46027397260274,2.0,0,0
True,54,20.45205479452055,2.0,1,0
False,54,1.6,1.0,0,0
True,40,7.769863013698631,2.0,0,0
False,44,10.12054794520548,3.0,0,1
True,36,15.29041095890411,4.0,1,2
False,50,11.356164383561644,4.0,0,2
False,37,5.205479452054795,2.0,0,0
True,52,9.668493150684933,2.0,0,0
True,49,4.216438356164384,2.0,1,0
True,29,8.134246575342466,1.0,1,0
False,37,8.246575342465754,2.0,0,0
False,37,3.2109589041095887,3.0,0,1
True,40,0.6273972602739726,4.0,1,2
True,37,3.5424657534246577,3.0,1,1
False,30,0.7589041095890411,2.0,0,0
False,47,3.0465753424657533,2.0,0,0
False,46,20.02739726027397,1.0,0,0
False,41,5.646575342465752,3.0,0,1
True,32,0.7808219178082192,2.0,0,0
True,28,6.676712328767122,2.0,0,0
False,53,5.764383561643837,1.0,0,0
True,31,6.780821917808219,3.0,0,1
False,45,18.295890410958904,2.0,0,0
False,33,5.991780821917808,4.0,1,2
True,29,4.035616438356166,2.0,1,0
True,27,4.608219178082192,2.0,0,0
False,42,11.726027397260276,3.0,0,1
False,40,0.9452054794520548,3.0,0,1
False,47,7.057534246575343,4.0,0,2
True,30,3.797260273972603,2.0,1,0
False,40,3.6986301369863015,3.0,0,1
True,42,1.2684931506849315,2.0,0,0
False,47,4.553424657534245,1.0,0,0
False,51,10.695890410958905,2.0,0,0
True,37,0.5150684931506849,3.0,0,1
False,39,4.761643835616439,4.0,0,2
False,46,3.863013698630137,2.0,0,0
False,41,0.5835616438356165,1.0,0,0
True,52,13.602739726027398,2.0,1,0
False,33,8.416438356164383,4.0,0,2
False,45,2.8575342465753426,2.0,0,0
False,50,14.756164383561645,1.0,0,0
True,45,7.315068493150685,3.0,0,1
False,62,11.558904109589042,1.0,0,0
False,42,2.1095890410958904,2.0,0,0
False,48,23.23013698630137,2.0,0,0
False,37,5.156164383561643,3.0,0,1
False,30,2.0876712328767124,3.0,0,1
True,39,9.284931506849317,2.0,1,0
False,42,2.1095890410958904,2.0,0,0
True,55,2.8575342465753426,2.0,1,0
True,46,19.9013698630137,2.0,0,0
False,37,3.624657534246576,4.0,0,2
False,57,0.7150684931506849,1.0,0,0
False,43,4.178082191780821,2.0,0,0
True,40,12.032876712328768,2.0,0,0
True,30,7.331506849315067,2.0,1,0
False,39,8.183561643835617,3.0,0,1
False,49,0.7589041095890411,2.0,0,0
True,44,21.86027397260274,3.0,0,1
False,36,18.04383561643836,4.0,0,2
True,59,12.438356164383562,2.0,1,0
True,29,1.610958904109589,1.0,1,0
False,63,5.846575342465752,1.0,0,0
True,47,1.2547945205479452,3.0,1,1
False,42,12.221917808219178,2.0,0,0
False,33,1.0410958904109588,3.0,1,1
True,45,15.931506849315069,1.0,0,0
True,50,17.517808219178082,2.0,0,0
False,38,5.638356164383563,1.0,0,0
False,28,3.512328767123288,1.0,1,0
False,39,1.180821917808219,2.0,0,1
True,34,5.597260273972603,2.0,0,0
False,54,4.312328767123288,2.0,0,0
False,31,1.2794520547945205,4.0,0,2
True,29,4.764383561643836,3.0,0,1
False,41,0.2410958904109589,3.0,0,1
False,29,0.8794520547945206,3.0,0,1
False,58,1.2712328767123289,2.0,0,0
False,51,25.54794520547945,2.0,0,0
False,35,3.635616438356165,3.0,1,1
False,63,8.772602739726027,1.0,0,0
False,35,3.676712328767124,3.0,0,1
True,32,1.9616438356164383,3.0,1,1
False,36,3.5753424657534247,3.0,0,1
False,36,7.016438356164382,3.0,0,1
False,33,10.556164383561644,3.0,0,1
True,26,5.778082191780823,2.0,0,1
False,33,1.0438356164383562,2.0,1,0
False,29,9.471232876712328,3.0,1,1
False,46,7.361643835616437,2.0,0,0
False,36,2.432876712328768,3.0,0,1
False,48,1.904109589041096,2.0,0,0
False,32,1.704109589041096,2.0,1,0
False,53,5.216438356164384,2.0,0,0
True,56,17.68767123287671,2.0,0,0
True,30,9.687671232876712,3.0,1,1
True,27,4.873972602739726,3.0,1,1
True,36,1.2547945205479452,5.0,1,3
True,37,3.5424657534246577,3.0,1,1
False,49,1.7589041095890412,1.0,0,0
True,40,6.06027397260274,4.0,1,2
True,31,13.723287671232876,3.0,1,1
True,31,13.723287671232876,3.0,1,1
True,29,0.2794520547945205,4.0,1,2
False,48,12.04109589041096,2.0,0,1
False,44,7.4301369863013695,1.0,0,0
True,31,8.671232876712331,3.0,1,1
False,34,6.383561643835616,3.0,0,1
False,24,0.5178082191780822,2.0,1,0
False,33,3.6301369863013697,2.0,0,0
False,50,29.572602739726022,2.0,0,0
False,60,29.04109589041096,1.0,0,0
True,51,3.8794520547945206,2.0,1,0
True,39,15.942465753424658,3.0,0,1
False,38,9.931506849315069,3.0,0,1
False,37,15.449315068493153,3.0,1,1
False,54,29.534246575342465,2.0,0,0
False,39,17.402739726027402,1.0,1,0
True,42,2.778082191780822,2.0,0,0
False,24,2.5945205479452054,1.0,1,0
False,39,19.36438356164384,4.0,0,2
False,26,8.301369863013699,2.0,1,0
True,49,3.328767123287671,2.0,1,0
False,54,0.3452054794520548,1.0,0,0
True,39,8.435616438356165,4.0,1,2
False,52,1.0328767123287672,2.0,1,0
True,35,6.383561643835616,2.0,0,1
True,43,15.02191780821918,1.0,0,0
False,37,14.95890410958904,3.0,1,1
True,59,12.438356164383562,2.0,1,0
True,39,12.693150684931505,2.0,1,0
False,48,1.8794520547945208,4.0,1,2
True,52,8.967123287671232,2.0,1,0
True,29,5.693150684931508,2.0,0,0
False,49,4.9013698630137,2.0,0,0
True,31,5.413698630136985,2.0,1,0
False,46,3.4575342465753423,2.0,0,0
False,32,7.035616438356165,4.0,0,2
True,39,1.3013698630136987,3.0,0,1
True,44,8.389041095890411,2.0,1,0
True,33,9.534246575342468,3.0,0,1
False,38,6.849315068493151,3.0,0,1
False,30,9.183561643835615,2.0,0,0
True,30,0.3671232876712329,3.0,0,1
True,58,9.975342465753425,2.0,0,0
True,24,6.032876712328767,2.0,1,0
False,52,3.3506849315068483,2.0,0,0
False,42,21.331506849315076,1.0,0,0
True,42,1.6739726027397257,2.0,1,0
False,57,11.01917808219178,2.0,0,0
True,29,8.808219178082194,3.0,0,1
True,27,3.2164383561643834,2.0,1,0
False,39,19.36438356164384,4.0,0,2
False,39,19.638356164383566,2.0,0,0
False,42,10.389041095890413,2.0,0,0
True,50,5.865753424657536,2.0,1,0
False,56,15.443835616438356,1.0,0,0
True,35,0.5945205479452055,4.0,1,2
False,46,4.298630136986302,2.0,0,0
False,41,2.7150684931506848,2.0,0,0
True,60,4.126027397260274,2.0,1,0
True,36,1.868493150684932,4.0,0,2
True,31,6.761643835616439,2.0,1,0
False,45,6.090410958904108,3.0,0,1
False,35,11.03835616438356,2.0,1,0
True,48,1.7808219178082192,2.0,1,0
True,27,4.873972602739726,3.0,1,1
False,46,15.087671232876714,2.0,0,0
False,37,8.928767123287669,4.0,0,2
False,51,23.756164383561643,2.0,0,0
False,42,0.4328767123287671,2.0,1,0
False,39,2.0876712328767124,2.0,1,0
False,52,4.301369863013698,2.0,0,0
True,28,2.010958904109589,2.0,0,0
False,27,6.846575342465752,2.0,0,0
False,48,3.602739726027397,3.0,0,1
True,57,3.175342465753425,2.0,1,0
False,47,3.1178082191780816,4.0,0,2
False,37,9.753424657534246,3.0,0,2
True,43,5.095890410958903,3.0,1,1
True,41,12.895890410958906,4.0,1,2
False,48,23.23013698630137,2.0,0,0
True,52,6.454794520547946,2.0,1,0
True,43,3.1178082191780816,1.0,0,0
False,57,35.14246575342466,2.0,0,0
True,27,9.52054794520548,5.0,1,3
True,44,2.104109589041096,2.0,0,1
False,52,5.635616438356164,1.0,0,0
False,43,3.8301369863013695,2.0,0,0
False,60,2.0383561643835617,2.0,0,0
True,41,3.2684931506849315,2.0,0,1
True,25,0.6356164383561644,3.0,1,1
True,31,6.7315068493150685,2.0,1,0
True,33,7.128767123287672,2.0,1,0
True,37,4.265753424657534,1.0,1,0
False,37,1.2410958904109588,2.0,1,0
False,33,12.2,2.0,0,0
True,38,4.756164383561643,3.0,0,1
False,29,5.427397260273971,4.0,0,2
False,37,10.863013698630136,2.0,1,0
True,42,3.564383561643836,2.0,1,0
True,42,3.2575342465753425,2.0,1,0
False,45,5.515068493150685,1.0,0,0
False,50,22.36438356164384,2.0,0,0
True,51,5.890410958904107,2.0,0,0
False,37,6.008219178082192,2.0,0,1
False,30,7.693150684931508,4.0,0,2
True,50,0.3013698630136986,2.0,0,0
True,30,6.550684931506848,2.0,1,0
True,26,4.293150684931507,1.0,1,0
False,50,10.043835616438356,2.0,0,0
True,26,7.293150684931509,4.0,1,2
True,29,10.435616438356163,4.0,0,2
False,33,6.0465753424657525,5.0,0,3
True,45,6.145205479452055,2.0,1,0
False,44,20.194520547945206,2.0,0,0
False,58,2.7753424657534245,2.0,0,0
False,52,32.74246575342466,1.0,0,0
True,30,7.372602739726028,2.0,0,0
True,29,4.216438356164384,4.0,1,2
False,25,6.090410958904108,2.0,0,0
True,50,9.53972602739726,2.0,0,0
False,55,11.54246575342466,1.0,0,0
False,29,2.7698630136986298,4.0,0,2
True,31,0.3534246575342465,4.0,0,2
False,29,4.435616438356164,2.0,0,0
True,28,7.523287671232878,2.0,0,0
True,34,7.526027397260274,4.0,0,2
False,43,7.887671232876714,2.0,0,0
False,38,0.7150684931506849,3.0,0,1
False,38,6.849315068493151,3.0,0,1
True,49,14.273972602739724,2.0,1,0
False,49,11.284931506849317,3.0,0,1
False,51,1.9890410958904108,2.0,0,0
False,37,8.306849315068494,3.0,1,1
True,44,12.435616438356163,2.0,1,0
True,44,8.523287671232877,2.0,1,0
False,30,0.9917808219178084,3.0,0,1
False,26,3.6657534246575336,2.0,0,0
False,43,12.295890410958906,2.0,0,0
False,33,3.895890410958904,5.0,1,3
False,62,11.687671232876712,2.0,0,0
False,28,5.638356164383563,1.0,0,0
False,48,15.219178082191783,2.0,0,0
True,32,9.805479452054792,3.0,1,1
False,28,4.120547945205479,3.0,0,1
True,36,14.347945205479451,2.0,1,0
True,45,3.854794520547945,1.0,0,0
False,31,6.383561643835616,3.0,0,1
False,31,2.9753424657534246,3.0,0,1
False,30,4.846575342465753,3.0,0,1
True,53,8.917808219178081,1.0,0,0
True,35,3.504109589041096,2.0,1,1
False,57,3.1643835616438367,2.0,0,0
True,53,2.7205479452054795,2.0,1,0
False,40,15.10958904109589,2.0,0,0
False,41,8.597260273972603,3.0,0,1
False,30,4.301369863013698,2.0,0,0
False,29,8.673972602739726,2.0,0,1
False,28,6.3643835616438365,2.0,1,0
False,50,12.46027397260274,2.0,0,0
False,32,9.205479452054792,3.0,0,1
False,38,5.684931506849315,1.0,0,0
False,52,0.4684931506849315,2.0,0,0
True,36,18.18904109589041,2.0,1,0
False,49,11.284931506849317,3.0,0,1
False,57,32.55890410958905,2.0,1,0
False,37,14.95890410958904,3.0,1,1
True,40,1.86027397260274,2.0,0,0
False,34,13.523287671232874,2.0,0,0
True,33,0.547945205479452,2.0,0,0
False,41,21.86027397260274,2.0,0,1
True,33,11.81917808219178,4.0,1,2
False,29,5.2904109589041095,1.0,0,0
False,28,7.167123287671232,3.0,0,1
False,27,9.3013698630137,4.0,0,2
False,40,6.594520547945206,3.0,0,2
True,33,2.682191780821918,3.0,0,1
True,39,8.789041095890411,3.0,0,1
True,33,0.9753424657534246,2.0,1,0
True,33,2.682191780821918,3.0,0,1
False,44,7.624657534246575,2.0,1,1
False,45,8.46027397260274,4.0,1,2
False,37,15.035616438356165,2.0,0,0
False,35,0.7616438356164383,1.0,0,0
False,49,8.123287671232879,2.0,0,0
True,47,4.895890410958904,2.0,0,0
False,38,8.473972602739726,3.0,0,1
False,53,3.0986301369863014,2.0,1,0
False,42,1.9616438356164383,4.0,0,2
False,32,7.561643835616437,3.0,0,1
False,43,6.594520547945206,1.0,0,0
True,33,1.8438356164383565,2.0,0,0
False,27,4.767123287671233,2.0,0,0
True,27,1.9287671232876715,4.0,0,2
True,52,9.882191780821918,2.0,1,0
True,29,1.4958904109589042,2.0,1,0
True,41,1.7671232876712328,2.0,1,0
True,46,2.33972602739726,3.0,1,1
False,44,19.45205479452055,1.0,0,0
True,37,12.01917808219178,2.0,1,0
False,32,5.238356164383561,1.0,0,0
False,33,1.1095890410958904,2.0,1,0
True,38,9.926027397260274,4.0,0,2
True,33,3.9178082191780814,1.0,0,0
True,41,10.536986301369865,3.0,1,1
False,52,13.873972602739729,2.0,1,0
True,40,17.350684931506848,2.0,0,1
True,29,0.7643835616438356,2.0,0,0
True,27,4.676712328767123,2.0,0,0
False,39,9.684931506849315,5.0,1,3
True,28,5.550684931506848,1.0,1,0
True,39,4.210958904109589,2.0,1,0
False,43,20.216438356164385,3.0,0,1
False,30,6.27123287671233,4.0,0,2
True,49,1.1643835616438356,2.0,0,1
True,38,4.931506849315068,3.0,1,1
False,50,7.520547945205481,1.0,1,0
False,39,6.221917808219177,3.0,0,1
False,28,6.602739726027397,1.0,0,0
False,50,29.572602739726022,2.0,0,0
False,57,11.835616438356164,1.0,0,0
True,44,2.5342465753424657,3.0,1,1
False,48,4.950684931506848,1.0,0,0
True,50,10.63835616438356,3.0,1,1
False,39,12.767123287671232,4.0,0,2
False,28,1.5452054794520549,2.0,0,0
False,37,10.808219178082194,2.0,1,0
False,48,5.216438356164384,1.0,0,0
False,40,5.6438356164383565,2.0,1,0
True,39,5.767123287671232,2.0,1,0
True,45,18.523287671232875,3.0,1,1
True,28,8.29041095890411,2.0,1,0
True,43,4.131506849315069,2.0,1,0
False,27,1.8575342465753424,2.0,0,0
False,44,24.27945205479452,1.0,0,0
False,27,1.476712328767123,2.0,1,0
False,39,1.2575342465753423,2.0,0,0
False,30,0.9917808219178084,3.0,0,1
True,53,8.89315068493151,2.0,1,0
False,64,0.4136986301369863,2.0,0,0
True,38,15.643835616438356,4.0,0,2
False,63,8.772602739726027,1.0,0,0
True,37,11.416438356164385,2.0,1,0
True,39,5.383561643835616,3.0,0,1
True,52,18.523287671232875,2.0,0,0
False,28,0.3753424657534247,2.0,0,0
True,35,13.186301369863012,4.0,1,2
True,42,0.8602739726027397,2.0,1,0
True,42,16.523287671232875,4.0,1,2
False,34,1.0054794520547945,3.0,1,1
False,54,7.912328767123287,1.0,0,0
False,54,15.3013698630137,2.0,1,0
False,27,6.8191780821917805,2.0,0,0
True,58,33.56986301369863,2.0,1,0
False,37,1.1369863013698631,2.0,0,0
False,52,14.054794520547944,2.0,0,0
True,30,8.435616438356165,2.0,1,0
False,39,2.887671232876712,1.0,0,0
False,49,27.728767123287675,2.0,0,0
False,45,1.8027397260273967,2.0,1,0
False,34,9.465753424657532,2.0,0,0
False,40,9.63835616438356,2.0,1,0
False,32,11.726027397260276,4.0,1,2
True,59,15.52054794520548,2.0,0,0
True,34,8.479452054794521,2.0,0,0
False,44,4.3863013698630136,2.0,1,0
False,35,16.972602739726028,4.0,0,2
False,36,9.63013698630137,1.0,0,0
False,40,5.265753424657534,3.0,0,1
False,61,14.97808219178082,2.0,0,0
True,33,8.961643835616439,2.0,1,0
True,37,1.6054794520547946,2.0,0,0
True,30,7.331506849315067,2.0,1,0
False,25,2.126027397260274,1.0,0,0
False,29,0.3479452054794521,3.0,0,1
True,44,8.219178082191782,2.0,1,0
False,39,4.934246575342466,2.0,0,0
False,27,1.5287671232876712,2.0,1,0
True,54,8.89315068493151,1.0,0,0
True,57,7.36986301369863,2.0,1,0
True,44,4.624657534246575,2.0,0,0
True,56,20.88767123287672,2.0,0,0
False,49,25.07397260273973,2.0,0,0
False,48,6.531506849315067,2.0,0,0
True,48,5.013698630136987,2.0,0,0
False,34,14.095890410958903,2.0,1,0
True,34,4.531506849315068,3.0,0,1
False,47,3.723287671232877,2.0,1,0
True,48,1.7671232876712328,2.0,1,0
False,44,7.745205479452053,2.0,0,0
True,24,6.372602739726028,2.0,1,0
False,35,0.7616438356164383,1.0,0,0
False,49,16.63013698630137,2.0,0,1
False,47,3.1013698630136988,3.0,0,1
False,46,8.038356164383561,2.0,0,0
False,30,3.175342465753425,2.0,0,0
False,54,31.227397260273968,2.0,0,0
False,36,3.5753424657534247,3.0,0,1
False,35,11.03835616438356,2.0,1,0
True,31,1.5315068493150683,3.0,1,1
False,30,6.934246575342466,2.0,0,0
False,38,18.86575342465753,4.0,1,2
False,40,4.550684931506848,2.0,0,0
False,41,2.32054794520548,3.0,0,1
True,34,4.468493150684932,4.0,1,2
True,35,5.717808219178082,4.0,0,2
False,46,28.449315068493146,2.0,0,0
True,38,7.2,4.0,1,2
False,52,13.257534246575348,2.0,0,0
True,35,6.263013698630138,2.0,0,0
False,37,11.046575342465754,2.0,0,0
False,41,0.5780821917808219,2.0,1,0
False,29,3.468493150684932,2.0,0,0
True,48,1.6986301369863013,2.0,0,0
False,47,11.03835616438356,2.0,0,0
False,53,0.8767123287671232,1.0,0,0
False,27,6.934246575342466,1.0,0,0
False,41,0.5780821917808219,2.0,1,0
False,43,17.087671232876712,4.0,0,2
True,39,20.18904109589041,2.0,1,0
False,52,1.5095890410958903,3.0,0,1
False,27,3.084931506849315,3.0,1,1
False,37,6.9753424657534255,4.0,1,2
False,46,3.3863013698630136,2.0,0,0
False,39,11.356164383561644,2.0,1,0
False,30,0.2630136986301369,3.0,1,1
False,35,5.638356164383563,2.0,0,0
True,41,3.4712328767123286,3.0,1,1
False,25,5.613698630136986,1.0,1,0
False,45,1.1287671232876713,5.0,0,3
False,44,0.8465753424657534,2.0,0,0
False,29,0.3342465753424657,4.0,0,2
False,29,8.449315068493151,1.0,1,0
False,32,8.128767123287671,3.0,0,1
False,33,5.0109589041095886,1.0,1,0
False,41,1.96986301369863,3.0,0,1
False,43,5.6219178082191785,2.0,0,0
False,51,4.016438356164383,1.0,0,0
False,56,8.139726027397263,2.0,0,0
False,32,5.92876712328767,1.0,0,0
True,47,0.4876712328767123,2.0,1,1
False,28,1.1753424657534246,2.0,0,0
False,44,5.112328767123287,1.0,0,0
False,28,0.6191780821917808,1.0,1,0
False,55,17.268493150684932,2.0,0,0
True,57,14.084931506849315,2.0,1,0
False,39,3.175342465753425,2.0,0,0
True,47,25.01643835616439,4.0,1,2
False,37,4.441095890410959,2.0,0,1
True,28,6.183561643835616,3.0,0,1
False,51,25.54794520547945,2.0,0,0
False,28,2.364383561643836,4.0,1,2
False,36,2.432876712328768,3.0,0,1
False,56,13.780821917808217,1.0,0,0
True,33,3.9178082191780814,1.0,0,0
True,29,4.2465753424657535,1.0,1,0
True,48,4.69041095890411,2.0,0,0
False,63,3.378082191780821,1.0,0,0
True,36,1.0767123287671232,3.0,0,1
False,57,10.36986301369863,2.0,0,0
False,32,3.8027397260273967,1.0,0,0
True,45,0.4931506849315068,2.0,0,0
False,32,5.238356164383561,1.0,0,0
False,32,6.197260273972603,2.0,1,0
False,29,1.0356164383561643,4.0,1,2
False,45,1.2,1.0,0,0
False,26,0.96986301369863,1.0,1,0
False,47,5.846575342465752,1.0,0,0
False,33,1.7945205479452055,2.0,0,0
False,42,0.7753424657534247,2.0,0,0
True,47,8.638356164383561,2.0,0,0
True,55,22.02739726027397,2.0,1,0
False,61,8.136986301369863,1.0,0,0
False,46,3.06027397260274,4.0,0,2
True,31,4.427397260273971,3.0,0,1
False,50,10.043835616438356,2.0,0,0
True,40,3.5095890410958903,2.0,0,0
False,31,1.2794520547945205,4.0,0,2
False,60,29.04109589041096,1.0,0,0
True,40,0.6273972602739726,4.0,1,2
False,40,7.545205479452054,1.0,0,0
True,34,1.2356164383561643,3.0,1,1
False,43,1.1835616438356165,1.0,0,0
True,29,4.104109589041096,1.0,1,0
False,31,0.3835616438356164,2.0,0,0
True,39,20.18904109589041,2.0,1,0
True,41,11.627397260273971,3.0,1,1
False,49,12.495890410958904,2.0,0,0
False,54,12.194520547945206,2.0,0,0
False,37,15.449315068493153,3.0,1,1
False,42,10.624657534246577,2.0,1,1
True,41,15.04109589041096,2.0,0,0
True,33,0.9753424657534246,2.0,1,0
True,24,1.8438356164383565,3.0,1,1
True,50,5.06027397260274,2.0,1,0
False,47,4.156164383561643,2.0,0,0
True,43,18.336986301369866,4.0,1,2
True,36,6.786301369863014,4.0,1,2
True,29,6.789041095890411,3.0,0,1
False,32,11.01917808219178,4.0,0,2
False,34,11.065753424657538,2.0,1,0
True,55,2.8575342465753426,2.0,1,0
True,33,7.128767123287672,2.0,1,0
False,35,9.284931506849317,3.0,0,1
False,55,0.6109589041095891,2.0,0,0
True,32,10.35068493150685,4.0,0,2
False,50,19.76164383561644,2.0,0,0
True,49,9.465753424657532,3.0,1,1
True,50,7.5397260273972595,1.0,0,0
False,47,6.468493150684933,2.0,1,0
True,63,4.432876712328767,2.0,1,0
False,34,2.6794520547945204,1.0,1,0
True,41,8.76986301369863,4.0,1,2
True,39,3.9315068493150687,3.0,0,1
False,42,9.523287671232875,4.0,0,2
True,32,0.7808219178082192,1.0,0,0
False,29,1.421917808219178,3.0,0,1
True,28,6.545205479452054,2.0,1,0
True,32,10.145205479452056,1.0,1,0
False,58,5.013698630136987,2.0,1,0
False,25,2.893150684931507,2.0,0,0
False,42,23.810958904109587,2.0,0,0
False,54,4.2602739726027385,2.0,1,0
False,41,0.5780821917808219,2.0,1,0
False,55,8.821917808219178,2.0,0,0
True,42,1.2684931506849315,2.0,0,0
False,32,9.956164383561644,1.0,1,0
False,58,3.7698630136986298,1.0,0,0
False,37,5.205479452054795,2.0,0,0
True,51,15.432876712328769,2.0,0,0
True,46,3.761643835616439,4.0,1,2
False,46,18.12054794520548,1.0,0,0
False,43,18.797260273972608,2.0,0,0
False,61,3.810958904109589,4.0,1,2
False,30,2.041095890410959,4.0,1,2
False,40,5.6438356164383565,2.0,1,0
False,39,4.287671232876712,4.0,0,2
True,46,6.515068493150685,3.0,0,1
False,56,5.443835616438356,2.0,0,0
False,29,8.449315068493151,1.0,1,0
True,37,8.89315068493151,3.0,0,1
False,46,1.7589041095890412,1.0,0,0
False,34,5.63013698630137,2.0,0,0
False,37,8.928767123287669,4.0,0,2
False,45,0.9095890410958904,4.0,1,2
False,56,5.967123287671233,2.0,1,0
True,30,2.345205479452055,3.0,0,1
False,32,0.5260273972602739,3.0,0,1
True,26,8.2,2.0,1,0
True,58,21.85753424657534,2.0,1,0
False,57,4.865753424657535,2.0,0,0
False,48,2.627397260273973,2.0,0,0
False,29,1.556164383561644,2.0,1,0
True,52,0.3506849315068493,2.0,0,0
False,52,4.6438356164383565,2.0,1,0
True,52,0.9561643835616438,1.0,0,0
False,39,11.183561643835615,2.0,0,1
True,56,1.7150684931506852,2.0,0,0
